#TESTNET_CREDENTIAL

MY_ACCOUNT_ID = 0.0.3885534
MY_PRIVATE_KEY = 302e020100300506032b657004220420ca4c956dfcc0a116c31efe1506bdf813d0f55e61fcfb93613859c871dc245c39
MY_PUBLIC_KEY = 302a300506032b65700321002b483ad93b0b85f7e7fe7b15d49b9a909430cdc8305ec954596817c6f6538904

###################### CREDENTIAL ACCOUNT_1 #######################
ACCOUNT_1_ID: 0.0.4053767 
ACCOUNT_1_PBKEY: 302a300506032b6570032100755f8a04c431e9dbc28707cf2d2f2c5861620d6e42eab5ade01746ac7bf40d3a 
ACCOUNT_1_PVKEY: 302e020100300506032b6570042204209b082eef76af8a5d48be56c4387ad7687c9ef9fc9c1b08fc0aea5d2668a47501 

###################### CREDENTIAL ACCOUNT_2 #######################
ACCOUNT_2_ID: 0.0.4053768  
ACCOUNT_2_PBKEY: 302a300506032b657003210094481fb4401e6bd5a2cede4c95db9e572ce0dce1f3dfa57268549d20d2d3b0b2 
ACCOUNT_2_PVKEY: 302e020100300506032b6570042204200050eaf134ac02ec3b9d54bcff40de5e724026c88381db6c7a75344efdca9bb2 

###################### CREDENTIAL ACCOUNT_3 #######################
ACCOUNT_3_ID: 0.0.4053769  
ACCOUNT_3_PBKEY: 302a300506032b6570032100ff09cdf12f70807853c25dad480555bbe4efd07d0cbaa841cd9942dc8e1da2fd 
ACCOUNT_3_PVKEY: 302e020100300506032b65700422042020f9b40a9b4db7c187634711a32a822233fb39d7bd259ced2b186c6910690351 

###################### CREDENTIAL ACCOUNT_4 #######################
ACCOUNT_4_ID: 0.0.4053770  
ACCOUNT_4_PBKEY: 302a300506032b65700321005e7b21b3bdeb213ac3b8f02aee3fdaec0363e2190007d95fe498a871aae6f53d 
ACCOUNT_4_PVKEY: 302e020100300506032b65700422042006d74febad3b8b502169d7512a00bef5ed8e9f1834e3ce8a23f208bbc4ddba42 

###################### CREDENTIAL ACCOUNT_5 #######################
ACCOUNT_5_ID: 0.0.4053771  
ACCOUNT_5_PBKEY: 302a300506032b6570032100fa06b2e9619fd0785dc39f119502f7601c00f208a92abd12eea1f2ca9e1478b3 
ACCOUNT_5_PVKEY: 302e020100300506032b6570042204209d8fc0dc2a8477b7172d50657846f78e4fe6239056a788429e72d31d884c43af 

########################### TOPIC_ID ################################
TOPIC_ID = 0.0.4055026

########################### SCHEDULED_ID ################################
SCHEDULED_ID = 0.0.4054782
SCHEDULED_TRANSACTION_ID = 0.0.3885534@1681287336.107702612

########################### SMART_CONTRACT_ID ################################
SMART_CONTRACT_ID = 0.0.4055052

########################### TOKEN_ID ################################
TOKEN_ID = 0.0.4054284

HEDERA_NETWORK=testnet